34,4
10,282
10,116
10,226
10,24
10,34
10,216
10,30
10,166
11,8
11,18
8,4
34,3
34,1
31,3
31,1
30,3
30,1
29,3
29,1
28,3
28,1
20,3
20,2
20,1
19,3
19,2
19,1
12,3
12,2
12,1
11,20
11,16
11,14
11,12
11,10
11,6
11,3
18,1
11,2
11,1
18,3
10,300
10,200
14,1
10,164
10,150
14,3
13,1
10,132
10,70
10,3
10,2
13,3
10,1
9,7
9,6
9,4
9,3
9,2
9,1
8,17
8,12
8,11
8,9
8,6
8,3
8,2
8,1
3,3
3,2
3,1
2,3
2,2
2,1
0,469
0,243
0,0
36,34
36,33
36,32
36,31
36,30
36,29
36,28
36,27
36,26
36,25
36,24
36,23
36,22
36,21
36,20
36,19
36,18
36,17
36,16
36,15
36,14
36,13
36,12
36,11
36,10
